# Pearson Correlation Table

## Correlation With Wheat

| Asset | Pearson correlation with wheat |
|---|---:|
| Corn | 0.5752 |
| Soybeans | 0.3626 |
| Oil WTI | 0.1633 |
| Copper | 0.1579 |
| Gold | 0.1238 |
| S&P 500 | 0.0871 |
| U.S. 10Y | 0.0618 |
| USD/JPY | 0.0135 |
| VIX | -0.0624 |
| Dollar index | -0.1174 |

## Full Pearson Correlation Matrix

|  | Wheat | Oil WTI | Gold | Dollar index | USD/JPY | Soybeans | VIX | Corn | Copper | S&P 500 | U.S. 10Y |
|---|---:|---:|---:|---:|---:|---:|---:|---:|---:|---:|---:|
| Wheat | 1.0000 | 0.1633 | 0.1238 | -0.1174 | 0.0135 | 0.3626 | -0.0624 | 0.5752 | 0.1579 | 0.0871 | 0.0618 |
| Oil WTI | 0.1633 | 1.0000 | 0.1860 | -0.1518 | 0.0356 | 0.2139 | -0.1778 | 0.1893 | 0.2973 | 0.2190 | 0.1901 |
| Gold | 0.1238 | 0.1860 | 1.0000 | -0.4078 | -0.0917 | 0.1297 | 0.0105 | 0.1349 | 0.3200 | -0.0025 | -0.1619 |
| Dollar index | -0.1174 | -0.1518 | -0.4078 | 1.0000 | 0.1550 | -0.1548 | 0.0538 | -0.1247 | -0.2688 | -0.0998 | 0.1280 |
| USD/JPY | 0.0135 | 0.0356 | -0.0917 | 0.1550 | 1.0000 | 0.0249 | -0.0873 | 0.0037 | 0.0271 | 0.1562 | 0.1235 |
| Soybeans | 0.3626 | 0.2139 | 0.1297 | -0.1548 | 0.0249 | 1.0000 | -0.1113 | 0.5265 | 0.2353 | 0.1288 | 0.0961 |
| VIX | -0.0624 | -0.1778 | 0.0105 | 0.0538 | -0.0873 | -0.1113 | 1.0000 | -0.0790 | -0.2166 | -0.7317 | -0.2382 |
| Corn | 0.5752 | 0.1893 | 0.1349 | -0.1247 | 0.0037 | 0.5265 | -0.0790 | 1.0000 | 0.1770 | 0.0946 | 0.0660 |
| Copper | 0.1579 | 0.2973 | 0.3200 | -0.2688 | 0.0271 | 0.2353 | -0.2166 | 0.1770 | 1.0000 | 0.2661 | 0.1454 |
| S&P 500 | 0.0871 | 0.2190 | -0.0025 | -0.0998 | 0.1562 | 0.1288 | -0.7317 | 0.0946 | 0.2661 | 1.0000 | 0.3122 |
| U.S. 10Y | 0.0618 | 0.1901 | -0.1619 | 0.1280 | 0.1235 | 0.0961 | -0.2382 | 0.0660 | 0.1454 | 0.3122 | 1.0000 |
